184
149
301
322
185
379
210
235
243
293
226
269
104
99
135
153
164
167
251
334
390
280
313
241
222
127
301
289
132
114
223
210
177
216
264
497
227
355
285
214
198
283
369
404
151
229
127
140
183
173
307
302
319
225
231
130
226
343
501
333
288
151
93
181
131
213
156
246
156
236
141
157
340
507
439
298
139
138
240
146
227
254
296
211
194
112
126
278
521
396
326
199
121
209
152
171
262
303
196
194
49
109
265
518
449
166
310
253
241
307
184
219
117
149
100
91
86
140
347
558
313
266
257
279
291
299
305
223
156
126
102
165
214
262
338
302
398
215
389
248
280
237
320
227
163
179
143
171
193
254
169
255
208
422
294
420
222
310
137
148
172
221
228
216
137
95
150
188
393
273
347
128
301
128
112
186
295
293
280
151
136
146
161
439
386
250
139
267
227
250
261
291
259
300
138
157
184
129
413
388
399
137
368
415
409
387
353
190
135
83
137
157
101
191
232
389
274
361
496
230
268
250
177
191
57
95
119
97
61
80
327
232
241
384
205
297
309
302
354
156
113
147
165
129
78
340
185
131
246
212
493
435
428
514
199
200
232
271
243
136
288
114
101
142
154
491
364
631
355
199
171
108
162
217
199
248
280
78
72
68
195
147
403
492
237
132
169
161
246
235
182
261
256
151
144
151
79
261
377
466
286
267
237
217
331
213
230
180
272
162
92
135
164
352
482
322
371
223
251
275
250
166
235
177
135
133
212
227
411
484
279
263
313
190
190
179
226
243
216
139
164
292
206
255
305
342
245
240
322
202
144
236
240
153
183
242
391
188
231
152
299
290
167
185
246
185
188
154
130
206
220
442
392
236
140
221
311
259
219
202
209
148
223
125
251
225
254
441
572
190
232
273
266
157
236
259
161
128
224
235
299
231
295
397
243
194
166
229
232
160
254
211
251
221
189
208
236
241
279
215
184
155
244
300
262
143
154
281
250
162
161
277
190
278
238
317
170
338
337
409
265
261
330
242
221
219
288
207
198
216
272
173
285
263
293
277
157
432
330
184
146
264
164
143
187
312
168
151
123
187
275
237
278
280
276
153
220
234
148
136
155
168
158
163
210
236
305
389
320
449
440
203
266
129
146
145
245
243
157
245
296
273
382
382
489
474
303
219
238
137
144
228
211
138
151
307
152
185
132
371
358
223
316
202
174
154
135
134
121
119
195
183
162
115
259
464
413
360
214
141
190
237
209
172
172
244
238
198
160
254
418
246
457
241
185
282
329
228
295
249
353
262
158
204
134
263
186
339
305
212
231
460
221
360
236
230
241
165
150
72
69
126
196
219
263
169
503
301
345
227
230
163
189
217
150
104
139
209
355
227
262
385
281
315
232
234
220
240
274
225
242
178
205
401
251
283
315
241
266
200
251
185
184
272
185
268
179
270
436
244
266
143
183
225
141
295
211
144
177
202
330
269
188
261
240
270
209
189
219
194
332
238
181
135
191
314
240
264
227
254
322
329
226
210
258
268
237
354
252
272
207
171
189
213
281
310
205
308
266
205
404
290
391
197
226
122
176
143
140
231
294
341
217
286
332
194
339
311
238
183
87
170
132
165
122
139
256
362
190
445
282
239
266
343
256
162
215
112
130
188
174
190
268
236
415
168
212
342
379
379
143
227
245
203
237
150
234
324
207
263
128
165
416
344
453
372
284
285
270
176
77
117
152
201
167
71
116
352
202
452
320
329
225
293
231
140
116
182
179
177
179
120
241
152
285
251
325
287
217
311
267
206
156
318
261
242
206
237
177
252
321
408
260
276
368
309
226
201
235
275
280
221
165
103
139
269
277
224
132
288
329
377
239
208
231
195
281
205
139
77
194
244
231
137
274
315
332
235
212
291
143
215
328
296
253
198
273
318
141
253
302
264
321
194
365
205
192
242
315
308
333
208
148
221
219
193
270
418
270
234
261
143
193
217
215
194
160
154
188
236
203
234
434
268
228
259
219
265
287
235
188
127
76
103
171
295
249
413
456
191
169
262
314
189
327
252
186
172
78
170
338
257
337
329
278
142
276
314
171
256
307
158
200
130
111
338
311
278
250
150
192
308
238
258
266
353
313
225
222
116
238
157
289
300
243
313
424
195
298
295
404
305
174
212
112
191
136
178
248
163
371
331
105
237
280
347
218
138
172
205
126
86
152
247
221
261
266
262
253
219
334
204
200
242
155
115
102
251
348
233
319
168
157
338
337
507
429
325
255
114
99
170
386
383
203
249
208
115
213
227
