15
8
14
35
46
64
41
45
30
35
54
47
47
31
23
14
20
32
32
34
62
52
27
45
35
27
28
24
35
31
23
26
45
40
60
37
37
52
69
50
51
74
60
34
35
21
37
63
36
42
39
30
42
50
60
26
35
52
50
81
52
68
138
99
45
38
38
62
63
39
19
12
22
17
39
31
30
41
32
16
21
16
28
19
26
21
14
32
36
33
45
58
64
64
24
27
20
44
36
49
36
46
24
30
51
61
58
94
77
34
28
34
47
45
37
38
29
34
44
61
62
92
103
68
37
40
41
61
84
40
36
51
27
35
61
39
57
50
48
31
52
34
39
35
18
23
27
14
10
24
34
24
18
19
14
10
11
25
22
13
7
18
9
6
18
18
21
29
32
25
25
34
49
38
26
33
32
28
18
68
54
36
61
69
64
52
40
53
49
60
56
39
36
27
84
67
33
32
34
42
44
52
65
63
41
33
18
26
22
44
27
32
43
25
18
17
33
20
20
14
27
25
12
21
36
28
40
62
52
40
35
44
65
51
37
40
62
36
65
77
86
51
81
87
49
29
26
38
50
26
35
46
60
24
41
102
87
83
102
69
52
49
61
82
33
56
65
64
78
70
90
43
30
56
34
6
16
23
16
29
28
31
26
30
50
15
17
24
27
26
24
26
19
22
31
32
31
21
32
39
30
35
34
38
64
60
53
51
39
69
68
88
76
51
76
84
56
30
67
127
109
116
65
38
32
33
56
60
69
49
52
64
44
55
37
26
30
18
22
11
20
35
38
19
13
17
38
16
23
24
28
32
39
22
24
17
24
40
36
25
28
41
33
29
29
22
35
30
32
47
32
37
66
41
39
41
46
41
42
31
26
35
65
62
83
77
112
107
101
50
57
62
59
63
65
62
64
71
79
84
34
61
44
47
34
33
17
16
20
18
22
19
23
22
13
8
7
13
18
25
17
16
12
19
21
31
10
29
27
26
38
21
14
17
30
32
38
27
39
36
66
53
49
29
36
72
60
43
58
68
70
71
34
89
71
122
78
71
55
39
79
38
39
51
45
68
35
19
29
41
41
25
19
20
13
20
36
13
24
39
26
15
17
15
34
33
27
22
16
15
15
23
35
47
41
23
12
25
26
42
37
34
39
44
47
32
26
56
67
79
42
18
15
15
16
28
33
22
13
36
17
30
69
76
77
52
63
65
58
33
53
68
64
46
39
49
34
64
99
91
67
88
71
88
54
68
44
35
32
13
24
16
15
19
50
81
50
52
61
43
23
19
26
9
23
25
15
10
18
19
37
15
38
17
12
26
19
18
16
29
43
20
15
12
27
45
28
45
32
34
51
60
71
48
67
69
49
23
13
34
61
61
67
37
26
55
77
125
91
93
82
112
58
36
63
77
81
75
56
40
45
73
116
86
74
58
48
22
21
26
19
32
23
31
29
22
25
25
27
19
14
12
16
6
4
6
8
6
7
11
3
13
7
12
13
19
12
20
11
10
14
16
10
14
19
12
27
32
29
22
35
30
28
26
28
35
30
28
23
44
52
61
58
42
48
87
76
68
39
57
61
27
35
51
47
58
71
77
77
67
65
35
49
58
52
82
51
36
66
53
68
48
56
34
60
82
76
81
93
57
67
58
34
32
60
81
62
98
107
83
53
35
41
66
39
38
59
30
23
41
19
16
25
35
38
30
27
23
39
24
19
39
53
23
40
42
40
23
15
16
35
22
28
16
16
24
14
25
26
16
22
16
9
17
17
13
9
12
21
13
34
26
46
37
24
45
22
25
31
30
22
29
36
51
31
53
54
58
30
16
24
22
18
24
20
27
17
29
44
32
50
43
33
29
32
26
45
42
70
44
41
49
49
70
96
98
102
78
75
86
69
110
98
126
92
72
82
73
65
153
197
163
144
102
112
60
133
75
71
47
32
19
21
21
25
20
37
24
19
34
18
27
26
14
24
14
6
16
12
11
7
19
22
13
24
30
16
16
10
30
26
14
21
18
9
15
25
27
24
42
36
19
23
29
41
49
48
52
55
40
49
58
57
47
60
31
11
24
33
29
30
32
73
60
47
36
28
37
54
45
59
22
23
31
43
54
42
89
77
55
40
35
66
78
56
60
49
49
41
61
68
33
40
66
48
33
33
55
97
76
49
36
23
33
35
37
22
22
43
49
22
19
34
38
15
7
18
13
10
12
13
12
11
19
18
35
27
34
25
26
15
25
28
18
25
12
13
22
28
37
46
34
50
47
57
38
45
56
45
59
47
40
48
52
84
82
56
44
60
45
41
61
75
85
61
54
63
61
18
33
49
27
39
45
34
31
72
48
44
20
20
27
16
18
20
25
15
19
18
23
17
32
25
18
15
15
35
11
13
21
39
40
29
34
18
35
37
28
23
41
42
29
16
14
17
32
57
41
25
22
34
29
32
26
26
25
34
30
13
19
36
79
78
41
44
77
59
64
63
80
53
38
27
34
33
64
82
55
27
40
39
43
49
38
27
33
28
31
37
43
47
48
31
7
17
15
16
28
48
49
37
16
18
34
44
24
33
26
13
14
13
16
46
65
55
40
33
23
66
60
75
99
77
76
76
67
88
97
104
85
29
56
57
92
71
58
77
70
41
40
32
27
34
53
49
34
23
41
44
32
30
26
25
30
22
31
17
11
19
21
20
22
19
25
19
20
34
17
30
25
31
37
28
13
14
19
32
12
21
19
30
54
29
41
51
49
44
54
36
46
42
31
22
15
24
38
65
47
43
41
61
99
111
65
88
80
79
79
65
70
86
95
156
150
99
111
135
193
130
75
57
33
38
32
44
56
65
77
80
64
37
42
93
53
25
39
26
17
11
9
39
33
36
55
39
37
33
38
47
19
28
14
10
13
14
19
22
10
17
9
10
27
18
26
16
20
13
16
23
22
17
32
25
27
31
13
47
38
47
28
43
46
56
61
53
67
72
71
90
95
56
89
48
106
88
76
58
53
90
98
110
101
65
64
109
34
55
26
32
27
28
31
46
19
17
20
23
13
16
15
16
9
8
15
12
10
8
25
22
16
11
17
14
17
19
12
13
25
24
33
21
23
43
40
42
27
22
17
16
27
29
15
28
37
49
35
31
43
43
45
23
31
31
46
45
50
44
60
30
27
31
37
39
55
46
35
49
48
73
62
41
56
69
35
27
41
58
38
44
47
41
60
43
31
32
30
47
92
48
16
22
39
48
47
32
21
30
45
40
38
26
35
58
102
49
46
35
48
30
26
27
28
38
34
34
24
31
37
95
34
30
36
35
57
39
38
26
19
33
23
29
30
46
72
18
11
19
27
32
32
31
18
26
34
18
15
8
13
40
40
26
38
40
40
48
60
49
34
42
35
31
32
34
40
44
30
44
80
54
45
61
53
43
20
30
32
40
32
59
39
25
35
41
37
38
34
43
42
33
25
29
36
49
78
56
52
67
64
40
38
38
40
36
27
23
33
43
80
59
36
25
36
25
47
28
20
26
19
27
14
22
35
45
73
56
79
84
58
95
37
21
32
41
61
54
67
89
55
74
42
81
90
57
71
73
39
47
67
44
44
62
128
83
53
48
48
20
28
24
46
15
20
30
21
15
24
42
20
42
28
21
19
22
13
18
20
21
28
16
12
14
21
32
39
28
23
30
60
44
31
27
24
28
37
34
17
39
67
74
57
42
41
75
67
101
58
34
61
65
57
30
67
65
72
58
32
27
43
41
58
48
49
45
52
37
34
51
60
65
63
30
36
32
67
56
16
16
21
32
13
6
24
25
28
25
16
7
13
20
32
35
26
28
33
35
23
23
26
25
31
47
31
24
21
29
48
23
25
43
53
70
43
36
46
31
53
69
77
40
52
62
67
87
73
75
108
92
82
144
54
91
90
60
43
59
24
36
65
70
45
37
26
9
44
26
28
12
16
19
16
9
11
20
10
7
8
6
11
10
8
7
14
11
16
10
20
10
11
10
7
19
10
21
19
19
14
13
16
17
24
27
23
21
32
42
58
46
58
56
63
59
57
61
66
35
38
34
53
75
75
71
79
74
51
40
52
67
51
56
56
72
47
49
93
80
90
85
46
52
32
51
71
75
93
84
110
100
76
79
73
50
40
59
75
47
74
65
51
39
27
28
36
39
33
38
39
31
31
48
32
26
41
12
22
19
27
31
28
9
10
26
14
21
16
36
32
29
25
40
27
18
24
27
25
17
21
34
19
20
31
37
49
30
38
30
31
43
45
48
40
38
35
33
43
52
50
32
20
21
18
22
38
54
48
48
58
36
54
63
41
45
45
26
17
25
34
55
116
119
114
117
114
75
78
57
94
72
53
46
46
62
65
76
31
19
33
32
19
27
8
30
13
11
10
21
36
37
29
31
19
14
24
25
31
18
25
30
24
23
35
44
76
35
33
28
27
36
31
36
39
39
48
29
39
53
29
32
17
13
9
25
16
17
19
17
16
26
21
19
23
14
32
15
17
13
14
12
13
11
10
17
17
25
9
13
12
30
22
23
