124
96
100
61
26
33
33
33
19
52
38
39
29
43
29
26
17
20
6
4
6
16
16
14
18
48
55
45
62
58
51
45
72
58
81
82
120
104
125
116
166
183
130
100
116
107
65
137
85
107
70
52
64
44
38
59
79
66
27
10
9
15
13
22
5
4
2
9
8
3
15
4
8
11
16
6
13
22
34
28
31
32
37
31
36
57
62
77
83
88
79
99
125
146
131
116
97
85
120
114
161
129
172
105
126
99
137
127
73
81
53
29
52
27
18
36
11
15
25
62
43
44
65
48
39
64
79
99
101
81
99
68
83
72
135
134
154
145
147
115
128
118
77
38
31
39
16
40
35
44
18
11
40
31
33
20
26
35
20
19
30
29
23
30
38
30
29
64
35
44
64
56
63
74
75
52
34
53
56
90
127
104
131
80
77
76
71
107
85
172
152
101
90
59
87
89
54
40
31
22
25
39
35
30
15
13
17
16
19
24
13
25
20
26
22
25
27
44
44
68
64
69
79
62
45
58
72
32
42
40
58
70
112
68
105
89
97
146
106
133
156
168
120
89
125
142
207
231
149
115
155
108
111
43
74
106
48
53
42
31
25
42
28
11
17
20
14
14
16
14
10
6
8
17
24
19
21
29
28
31
41
47
53
64
45
68
94
72
85
120
109
91
114
126
152
143
99
68
52
65
59
56
24
21
20
24
18
26
26
15
21
13
12
16
15
14
18
18
22
27
26
43
39
42
48
42
43
44
55
65
81
84
88
81
91
98
116
108
109
114
93
93
52
61
71
76
48
51
60
65
74
100
50
55
34
23
19
21
29
37
40
35
39
58
57
55
43
53
30
67
89
102
70
100
68
78
48
61
90
43
79
96
55
85
61
79
102
65
57
53
34
30
38
61
65
71
96
99
55
28
35
48
38
52
52
71
68
65
74
64
63
101
69
69
49
83
56
61
91
73
102
43
46
54
48
72
115
112
50
60
104
78
96
108
103
76
48
45
63
79
97
86
94
86
64
63
18
32
19
36
17
19
34
55
71
58
28
30
20
23
35
33
28
28
43
34
42
53
42
46
57
33
63
58
76
95
35
57
71
90
60
58
60
45
74
72
50
57
71
66
58
61
66
120
195
76
79
65
52
54
54
83
144
92
47
50
51
62
93
101
43
38
17
22
20
36
40
59
21
23
19
33
56
59
55
35
23
25
38
39
42
44
55
36
68
78
99
84
90
133
132
126
103
177
110
84
66
73
86
152
126
135
114
115
91
53
60
32
68
23
19
10
6
18
25
25
49
36
17
28
14
18
10
16
33
20
26
24
38
40
70
108
77
79
69
77
90
102
65
55
31
57
93
97
168
230
194
123
80
84
51
43
42
34
31
26
37
44
21
30
64
34
47
25
51
39
35
29
28
32
40
62
60
63
68
79
56
60
64
109
102
121
81
64
86
78
101
81
69
87
99
115
110
130
126
67
71
61
74
80
88
68
89
47
31
36
21
38
31
33
30
26
30
28
41
42
22
38
60
50
39
32
50
54
45
64
78
67
58
107
43
51
63
85
89
61
71
47
58
58
78
127
67
61
83
103
106
80
99
101
74
70
39
29
26
63
84
38
31
46
25
29
30
42
44
29
21
33
47
43
41
55
44
63
48
38
57
88
102
83
61
53
70
69
115
119
145
93
105
101
109
92
118
137
104
36
52
46
25
52
24
50
49
40
36
25
28
27
27
7
16
22
28
37
34
38
46
28
25
26
29
37
58
27
31
45
66
47
68
46
65
94
81
85
93
89
80
109
99
74
39
27
48
98
72
56
76
62
57
41
46
73
81
83
63
57
37
38
51
51
62
87
64
60
61
59
30
66
84
104
101
77
100
76
129
62
107
96
97
65
114
136
103
129
89
90
68
71
50
24
13
8
12
19
21
18
11
10
14
9
14
14
21
20
17
24
16
28
40
28
28
29
36
43
41
39
64
65
67
72
71
99
128
131
93
59
56
112
105
97
87
131
156
191
142
133
182
266
218
88
68
35
66
37
37
12
24
32
15
15
17
28
26
5
6
3
6
7
12
12
6
10
15
29
29
28
34
50
69
47
61
69
80
79
59
52
75
109
127
148
92
107
113
129
98
92
59
49
52
46
35
52
77
57
67
43
58
25
27
34
44
45
57
60
56
42
40
47
39
53
48
51
69
77
72
89
48
64
45
47
83
56
55
66
62
124
126
139
143
59
91
70
68
65
61
94
80
73
64
71
108
58
42
38
27
29
40
35
33
11
21
32
28
19
28
38
21
19
20
25
56
58
57
74
85
59
53
36
48
60
89
81
61
67
95
117
74
52
37
48
47
64
54
87
80
67
64
84
86
98
57
50
52
82
56
49
41
27
39
49
37
54
45
40
31
33
40
41
48
32
26
22
35
32
31
45
39
25
23
17
32
15
53
63
25
43
40
63
74
93
87
85
45
90
73
72
83
100
121
93
79
74
132
95
75
77
102
55
109
80
88
70
120
79
109
72
56
49
29
38
85
76
85
101
77
41
74
80
63
38
35
28
40
61
87
93
60
53
79
49
71
48
37
26
41
48
64
69
99
110
87
36
48
64
60
41
51
55
43
50
62
86
69
109
55
59
39
53
68
61
56
41
58
36
99
116
120
130
126
143
66
76
65
74
76
40
25
26
42
49
42
20
22
48
29
15
21
42
48
35
31
30
33
30
28
39
50
49
57
66
102
98
90
102
81
73
79
90
83
70
78
97
124
90
105
140
83
70
85
44
20
30
27
36
43
54
65
47
43
52
83
51
26
48
35
23
31
23
24
42
61
42
39
61
49
59
46
28
42
51
39
41
51
50
58
86
109
89
102
98
36
56
41
56
43
26
46
80
69
38
71
85
84
58
38
55
65
82
87
79
100
124
129
85
58
66
61
21
24
27
35
65
44
72
75
79
84
87
65
50
39
46
48
44
38
55
54
49
65
48
55
68
27
50
31
33
81
71
72
66
71
48
33
48
62
61
54
63
88
113
122
109
54
97
76
136
79
70
59
79
53
49
40
60
42
51
26
30
40
39
69
65
58
67
65
69
88
74
69
61
82
88
88
86
57
65
38
52
58
39
49
75
56
37
61
57
56
43
57
44
70
36
45
44
41
62
52
63
67
83
51
48
45
57
44
36
62
67
98
71
81
32
43
41
47
48
47
33
27
22
35
48
55
70
67
65
44
48
97
83
43
65
47
49
48
75
86
98
154
128
124
148
134
160
138
85
109
83
78
67
92
76
53
57
78
85
127
46
64
26
39
52
34
26
11
18
25
31
18
28
29
56
56
34
39
52
82
87
78
81
96
91
86
52
69
69
86
49
43
48
60
72
59
41
30
23
55
35
22
30
28
40
35
36
37
34
39
32
25
35
37
54
33
49
70
43
64
56
69
40
43
65
86
75
59
51
86
85
82
54
49
85
61
91
63
80
81
108
77
60
57
112
115
93
61
44
65
29
58
57
60
61
41
50
60
55
94
56
39
21
13
26
15
27
12
28
34
34
44
57
61
69
49
49
44
49
30
33
73
70
87
107
99
83
117
68
77
76
133
78
76
74
82
79
65
63
92
85
113
135
94
91
98
100
79
87
117
109
59
46
41
74
82
84
49
40
48
43
32
43
50
41
42
16
14
9
44
28
40
42
21
36
25
33
45
43
70
36
68
49
45
62
78
79
71
53
96
81
110
122
95
64
98
99
112
55
77
56
74
77
47
63
43
79
91
25
20
14
25
39
21
14
17
24
26
21
21
23
18
26
21
40
33
44
61
19
31
39
56
78
74
88
97
91
125
115
112
98
122
180
111
164
151
91
108
52
36
29
28
47
37
23
28
46
81
50
52
60
60
36
30
14
19
34
47
36
66
81
79
69
71
47
40
85
62
51
47
57
123
168
98
50
66
79
59
56
68
49
101
125
134
119
121
119
96
36
32
22
31
33
24
24
21
21
12
20
41
40
30
50
31
35
33
31
47
49
42
53
53
60
87
111
99
78
103
80
107
41
65
97
67
63
70
68
41
57
42
22
18
22
8
29
16
24
14
18
25
32
20
19
33
23
35
38
37
39
48
76
90
88
81
115
94
74
84
84
101
136
145
142
147
146
122
148
42
72
95
90
112
115
77
76
119
123
98
58
37
56
59
24
24
39
53
55
27
15
19
17
30
21
27
33
19
42
40
47
48
43
23
25
28
39
27
48
56
47
49
68
72
85
100
73
65
70
74
67
78
66
107
133
130
84
146
111
120
101
107
114
76
106
99
97
56
65
40
62
50
36
12
15
24
15
8
15
20
7
7
13
14
5
11
15
12
16
25
29
36
43
52
55
43
43
50
51
65
64
77
50
81
89
78
88
92
82
80
51
111
121
118
80
88
137
104
151
71
57
72
97
92
61
25
54
45
51
66
40
36
15
55
68
81
64
100
64
72
30
71
57
52
59
48
84
73
109
47
58
52
79
50
61
52
42
41
66
32
37
31
21
69
93
42
55
30
53
35
33
71
48
57
43
