18
18
17
28
10
27
22
18
10
15
9
9
22
22
26
33
35
37
29
33
25
34
17
6
15
8
8
8
12
12
15
16
25
19
49
34
46
19
13
19
7
12
13
10
15
12
11
19
18
33
37
33
37
18
17
9
10
6
8
9
9
6
16
12
16
25
18
8
13
6
6
5
9
13
8
7
7
7
0
4
8
9
4
11
6
3
3
7
7
4
1
3
5
6
1
1
3
4
2
3
3
0
2
2
4
4
7
3
6
3
7
1
2
4
2
2
1
1
1
4
6
2
2
3
1
6
1
2
2
2
1
0
2
2
2
6
2
4
0
4
8
1
1
2
6
1
3
1
1
0
2
2
1
1
1
1
1
3
1
3
2
2
5
3
1
3
3
3
1
3
2
1
3
1
0
3
0
8
3
6
0
5
2
1
2
4
1
5
3
2
1
1
3
1
3
1
0
2
1
3
1
2
0
1
3
3
1
2
2
0
1
0
3
2
1
2
1
2
2
1
0
1
1
0
1
0
2
4
3
0
0
1
1
1
1
0
2
0
1
0
2
0
1
2
0
2
1
2
1
1
2
1
0
3
1
5
1
4
1
0
0
0
3
1
0
1
1
0
1
2
1
3
1
2
3
0
0
2
3
0
1
4
1
0
1
2
0
1
2
1
1
2
2
4
4
1
1
3
2
1
2
4
2
2
3
1
2
5
1
2
5
4
0
2
3
5
1
2
3
6
3
8
6
3
4
9
6
3
3
4
8
3
6
6
6
5
8
6
10
6
3
14
7
9
8
5
4
5
12
10
6
7
8
5
1
1
10
4
6
10
2
5
6
2
6
5
6
0
4
2
2
0
2
1
3
7
0
3
2
1
0
3
2
1
1
3
1
1
0
0
1
2
1
1
2
0
1
1
1
3
3
3
0
1
2
2
3
1
4
1
0
2
2
3
3
3
2
0
1
1
4
0
0
0
0
1
4
1
0
3
3
1
1
1
0
1
4
0
0
0
1
2
2
2
2
4
4
0
0
0
0
1
2
2
1
0
3
4
0
4
1
1
3
3
0
2
1
3
1
3
3
1
1
4
2
5
2
0
2
5
4
4
3
3
3
1
2
3
6
2
2
0
2
1
4
2
3
0
3
2
8
2
3
2
4
5
1
5
4
7
3
1
2
2
0
3
8
2
0
2
3
2
3
3
8
2
2
1
3
2
1
8
9
2
2
1
7
4
4
5
3
3
4
6
2
3
5
10
10
6
6
10
7
8
6
6
2
5
9
1
3
6
3
7
7
5
4
9
4
3
4
2
3
2
2
3
2
2
0
1
2
2
5
8
3
2
2
0
0
1
1
3
1
1
1
0
1
0
3
8
5
1
4
2
2
3
2
2
1
1
0
1
0
1
2
4
2
1
5
1
7
1
4
0
1
2
1
2
0
0
5
0
2
3
2
2
0
1
1
1
2
1
3
2
2
3
4
1
3
0
3
1
0
5
3
1
3
3
5
2
2
5
3
3
2
5
2
2
1
7
3
5
5
11
3
2
2
2
5
3
4
3
2
1
3
5
5
1
9
4
7
4
3
7
1
6
4
4
3
4
2
2
2
2
5
9
8
3
4
3
7
4
1
6
7
4
1
2
5
9
7
9
5
5
4
7
7
8
10
9
8
9
5
6
11
12
10
12
13
7
5
9
12
9
11
5
15
19
15
20
20
16
6
6
11
7
7
11
8
8
10
9
15
14
21
18
16
7
5
17
12
16
16
10
11
10
15
23
17
28
23
47
30
13
17
17
33
29
23
14
15
20
45
44
48
37
48
48
23
14
24
35
42
17
16
13
11
30
38
65
97
54
78
61
40
23
22
35
16
15
9
8
22
26
45
30
34
39
23
28
8
15
11
9
8
3
4
8
16
11
3
7
7
4
5
4
7
1
3
3
3
2
5
4
5
5
3
2
1
4
2
3
1
2
4
0
1
1
3
3
0
2
5
2
0
4
4
1
2
3
0
1
1
4
3
2
1
0
2
3
2
1
2
1
3
4
1
1
1
1
3
3
0
0
2
0
0
1
1
0
0
0
2
1
2
3
3
1
0
1
0
0
3
0
0
0
0
1
1
0
0
1
0
1
2
1
0
0
0
1
0
0
0
1
0
0
0
1
1
0
1
0
2
1
0
2
1
1
0
0
0
1
0
2
1
0
0
1
1
2
1
2
0
0
1
1
0
0
2
1
2
0
0
2
1
1
1
0
0
0
2
2
0
0
2
2
1
0
2
3
0
1
0
3
1
1
1
2
1
0
0
0
1
2
0
2
0
1
1
2
1
2
0
1
3
2
1
0
0
0
1
2
0
1
2
2
3
2
1
2
9
2
8
3
1
0
2
2
0
3
1
2
3
0
0
5
7
3
3
4
1
3
3
6
4
4
4
7
3
2
4
10
5
5
4
6
2
6
6
3
8
7
9
9
6
6
7
16
20
5
17
12
11
9
6
7
11
8
15
10
7
15
17
24
18
15
25
15
12
12
14
8
17
11
18
7
16
19
35
68
48
65
35
24
26
26
13
25
21
27
14
17
18
15
17
32
54
32
18
17
13
20
24
28
21
20
9
10
20
5
19
22
26
20
19
19
20
15
17
13
14
9
6
10
11
3
16
15
24
14
18
23
19
9
8
12
12
4
5
16
12
15
23
17
7
13
10
15
9
4
7
9
8
8
15
21
18
25
30
16
16
18
16
14
11
7
12
11
10
9
22
13
16
20
17
10
9
6
8
8
10
5
11
5
0
8
9
6
11
13
7
10
5
6
11
6
8
13
11
6
10
7
7
21
33
13
10
13
15
19
7
10
11
8
9
6
14
5
14
30
22
10
15
13
10
8
12
13
8
12
8
18
10
12
9
9
13
7
8
7
7
9
9
12
11
11
10
13
18
11
7
8
14
5
8
11
6
6
6
9
10
13
15
9
18
5
4
8
4
5
2
5
6
6
5
6
7
15
13
10
4
4
1
16
2
1
4
4
5
8
3
5
6
7
10
6
5
3
10
2
5
2
4
5
4
2
0
2
4
5
3
9
2
3
2
1
3
2
6
1
4
2
0
3
1
2
5
2
3
1
3
1
2
3
3
1
2
0
2
1
1
1
1
0
1
2
2
0
2
1
1
1
1
2
1
0
1
0
1
1
1
0
1
3
1
3
2
1
1
1
1
0
1
0
1
0
2
0
1
2
1
0
2
1
0
1
0
2
0
2
3
0
0
1
2
3
1
1
0
1
1
0
1
0
1
2
0
1
2
2
4
1
3
1
3
3
0
2
3
1
2
0
2
0
1
2
3
1
1
2
2
3
1
2
1
3
1
1
1
3
0
3
2
3
0
3
4
2
2
2
2
2
1
0
1
0
2
2
4
0
1
3
2
4
3
4
2
3
0
1
1
1
2
0
1
2
2
3
0
2
2
3
2
4
1
0
3
4
2
4
1
0
4
7
2
4
1
0
2
1
2
1
1
1
2
3
0
4
6
0
1
0
3
2
3
1
2
0
0
2
3
0
4
3
0
1
2
2
0
0
1
1
3
1
1
1
4
3
4
1
0
1
1
0
0
4
2
1
2
0
0
2
0
0
2
1
2
1
0
4
2
0
0
2
1
0
0
2
2
3
2
0
0
3
2
4
2
2
3
5
0
1
1
0
4
3
2
0
6
4
2
1
4
0
2
3
4
4
3
0
7
4
5
2
3
2
1
3
4
4
3
3
3
5
1
4
6
7
4
5
2
4
6
6
7
5
7
5
7
5
6
8
6
4
7
3
7
10
16
20
10
7
6
5
13
10
10
13
5
9
9
8
12
15
33
14
7
4
3
12
10
17
15
9
15
18
23
16
28
50
38
21
11
5
9
6
15
9
25
9
25
33
32
35
37
75
42
28
13
11
13
18
14
21
13
16
45
47
71
59
120
103
47
25
13
17
31
15
26
25
16
36
53
71
104
121
108
61
31
28
24
12
3
8
6
11
2
20
17
29
24
41
21
14
16
16
8
4
4
5
3
4
10
5
7
12
13
8
5
8
8
13
4
1
2
3
1
3
2
1
1
3
4
2
2
2
4
4
1
0
0
2
3
1
2
0
1
1
0
3
1
0
4
2
1
0
0
0
2
0
2
4
0
2
2
0
0
0
0
1
1
0
0
3
1
0
1
1
1
5
0
1
1
1
2
0
1
0
0
2
3
0
3
0
0
3
3
2
0
1
0
0
0
1
0
1
0
0
1
1
1
1
1
0
1
2
0
1
1
0
2
0
2
1
1
0
1
0
2
2
0
1
3
0
2
0
2
2
0
1
0
0
2
1
1
0
0
0
0
0
1
0
0
0
0
0
0
0
0
2
0
1
3
0
0
0
1
2
0
2
0
1
1
0
0
1
0
0
0
3
1
2
1
0
1
4
0
0
2
0
0
0
0
0
1
1
0
1
0
3
0
1
0
1
1
1
1
0
0
1
1
2
4
1
2
1
2
2
2
1
0
0
1
1
3
1
1
0
1
